10
1000000010000010011000100110000111100001000
000000000010000000000001101000000000000110100000000
0100000110000010000000100110000011000000010
110000101000001011100000110000100110000110000001010
01100010010000101000001000100001001000101000000001100001111
00100010110000010010000001100010100000011110001001000011001
1010000110000001001000100000001000000010011
01000001101000100000001011100000110
1110000011100001000000010010000101000001011000011000000110100001110000011110001000000010001000100100001001100010100000101010001011000010111000110000001100100011010000110110001110000011101000111100001111100100000
01100010101000000110000111100010101000101110001000000001001
