[1번]

10진수를 2진수로 변경한 후, 역치한 2진수를 다시 10진수로 변환하면?

ex)
[입력] 4
4 --[2진수변환]--> 100 --[역치]--> 001 --[10진수변환]--> 1
[출력] 1

---------------------------------------------------------------------

[2번]

스도쿠의 틀린 값 찾기

9 X 9의 스도쿠에서 틀린 값은 총 N개가 있습니다. 틀린 값의 좌표와 함께 수정되어야 할 값을 출력하시오.
틀린 개수는 1~3까지 무작위로 있습니다.

ex)
[입력]
1
8 6 1 2 5 4 3 9 7
2 5 4 9 3 7 6 8 1
9 3 7 8 6 1 5 2 4
9 4 2 5 7 9 7 3 8
3 1 8 6 4 2 7 5 9
5 7 9 3 1 8 4 6 2
4 9 5 7 8 3 2 1 6
1 2 6 4 9 5 8 7 3
7 8 3 1 2 6 9 4 5

1은 해당 스도쿠의 틀린 숫자 개수이며, (7, 4)에 해당하는 7은 1로 변경되어야 맞는 스도쿠가 됩니다. 

[출력] 7 4 1

------------------------------------

스도쿠 입력(정답)
3 9 2 4 1 6 5 7 8
7 8 5 3 9 2 6 4 1
4 1 6 7 8 5 2 3 9
9 6 4 1 5 7 3 8 2
8 2 3 9 6 4 7 1 5
1 5 7 8 2 3 4 9 6
6 7 1 5 3 8 9 2 4
2 4 9 6 7 1 8 5 3
5 3 8 2 4 9 1 6 7

